0.000000
0.121356
0.125235
0.123861
0.126339
0.126078
0.125080
0.128044
0.128117
0.127107
0.127210
0.128086
0.128154
0.128054
0.128309
0.127953
0.128261
0.127022
0.126143
0.127216
0.128011
0.128141
0.128013
0.128148
0.126755
0.124035
0.125062
0.123685
0.125331
0.124698
0.122557
0.127385
0.125346
0.125002
0.125819
0.125662
0.122347
0.125138
0.124559
0.127558
0.124973
0.125617
0.125429
0.125075
0.125775
0.124986
0.126132
0.122892
0.126955
0.123277
0.123074
0.125335
0.123342
0.127087
0.124567
0.126393
0.123471
0.123312
0.123151
0.123594
0.124458
0.125220
0.125406
0.124401
0.127110
0.127767
0.126304
0.124544
0.123947
0.124461
0.125102
0.124610
0.122520
0.124593
0.124981
0.126482
0.125203
0.125706
0.124321
0.123373
0.123836
0.125074
0.128129
0.125416
0.124455
0.123231
0.125431
0.124295
0.123092
0.126642
0.123294
0.124008
0.124915
0.125004
0.122776
0.124352
0.125015
0.124663
0.122170
0.125552
0.125293
0.123506
0.125307
0.124458
0.124132
0.124497
0.125282
0.124136
0.124920
0.123211
0.124356
0.125405
0.126915
0.125116
0.124112
0.124088
0.126719
0.123071
0.125600
0.124356
0.126144
0.126935
0.124969
0.124447
0.124550
0.126498
0.126496
0.125941
0.124123
0.124618
0.125159
0.125614
0.124052
0.126517
0.124150
0.124780
0.126009
0.127057
0.125954
0.126104
0.122724
0.123482
0.125798
0.125872
0.126457
0.126574
0.125118
0.124886
0.124851
0.126790
0.125965
0.124315
0.126041
0.125986
0.125013
0.127447
0.124494
0.124296
0.125687
0.124159
0.124972
0.125947
0.126093
0.124421
0.126504
0.124266
0.126757
0.126958
0.125031
0.126835
0.125390
0.123272
0.125509
0.124298
0.125384
0.125141
0.122129
0.125093
0.124001
0.124951
0.124938
0.124382
0.124356
0.125681
0.125900
0.123681
0.128157
0.126625
0.124304
0.123095
0.127003
0.124942
0.125874
0.126049
0.125132
0.124469
0.125422
0.124258
0.125667
0.124128
0.125837
0.124937
0.125757
0.126437
0.125859
0.125076
0.124669
0.124260
0.126054
0.125378
0.125589
0.123212
0.124966
0.124243
0.125650
0.126769
0.123684
0.125461
0.123330
0.123396
0.126301
0.125353
0.123473
0.125176
0.124913
0.126148
0.125152
0.123446
0.124217
0.126550
0.124318
0.125119
0.126065
0.124875
0.127199
0.124489
0.126627
0.124339
0.125856
0.127746
0.125123
0.125888
0.123922
0.122651
0.125374
0.122376
0.125588
0.125012
0.125041
0.121875
0.126344
0.127445
0.124290
0.124258
0.124477
0.124326
0.123943
0.125053
0.126140
0.123852
0.127910
0.127311
0.123466
0.125178
0.126596
0.126389
0.125123
0.125009
0.127942
0.127219
0.126743
0.125229
0.123883
0.123013
0.124332
0.124211
0.125418
0.126359
0.125585
0.123229
0.123374
0.125349
0.124374
0.124427
0.124005
0.126953
0.126010
0.125298
0.123619
0.124306
0.125384
0.124414
0.124340
0.126986
0.124715
0.125044
0.124665
0.124480
0.127070
0.125765
0.123129
0.125100
0.128000
0.125145
0.123438
0.123386
0.123245
0.126380
0.124437
0.124269
0.125817
0.123978
0.127068
0.126684
0.123386
0.124437
0.124322
0.124354
0.126646
0.126192
0.124300
0.124450
0.123048
0.125561
0.123408
0.124948
0.126070
0.124037
0.123458
0.126380
0.124900
0.125673
0.123500
0.123388
0.124681
0.128096
0.126340
0.126652
0.124124
0.125436
0.123304
0.124878
0.125150
0.124887
0.124583
0.124388
0.124365
0.125342
0.122388
0.125875
0.127068
0.124149
0.126920
0.126831
0.124469
0.123255
0.125542
0.128071
0.126418
0.124054
0.126968
0.122289
0.122292
0.123495
0.124957
0.124294
0.124748
0.125284
0.123899
0.125998
0.127412
0.121283
0.125394
0.123085
0.126045
0.124930
0.126435
0.123289
0.124196
0.125895
0.124080
0.125311
0.125807
0.122955
0.124268
0.127515
0.124035
0.122269
0.123437
0.125758
0.125731
0.124008
0.123986
0.122971
0.122940
0.125526
0.126726
0.123732
0.125840
0.123213
0.123904
0.127131
0.125001
0.124958
0.125043
0.125031
0.124781
0.125068
0.125104
0.123902
0.125133
0.124399
0.123382
0.123340
0.124418
0.125167
0.125205
0.125050
0.122894
0.126122
0.124988
0.128071
0.126545
0.123534
0.125806
0.124628
0.123367
0.125933
0.124916
0.125364
0.124057
0.125615
0.124244
0.125947
0.125490
0.124884
0.125541
0.123690
0.127758
0.123483
0.125151
0.124599
0.122386
0.125546
0.125904
0.124576
0.124976
0.124901
0.121291
0.124777
0.124993
0.126031
0.125538
0.125354
0.124056
0.127132
0.123145
0.124771
0.125451
0.126312
0.125733
0.124589
0.124909
0.126225
0.124059
0.125709
0.125941
0.122080
0.125831
0.125099
0.123496
0.124499
0.126920
0.123570
0.124528
0.125643
0.124370
0.123870
0.127147
0.124973
0.125919
0.125628
0.126168
0.126201
0.127136
0.124090
0.125864
0.123002
0.125792
0.124109
0.126846
0.125237
0.121771
0.123421
0.126280
0.125605
0.123227
0.123756
0.123939
0.124936
